36588499
35074618
35009512
35101807
35130798
35101808
35009514
35101809
35130801
35101811
35033759
35074622
35049922
35074623
35009517
35049927
35101813
35033763
35033764
35101816
35033765
35101820
35101822
35049932
35009522
35074629
35033767
35033768
35074630
35033769
35009526
35101825
35033770
35049937
35033771
35074632
35074633
35033776
35033778
35009534
35130807
35009536
35049939
35130809
35130811
35101829
35130812
35074639
35074640
35074641
35130814
35074642
35101838
35130816
35130817
35101841
35101843
35101845
35049947
35009544
35033787
35074648
35074651
35049952
35009549
35101850
35130824
35009550
35009552
35033790
35130828
35074658
35130829
35009556
35049961
35009558
35033796
35101858
35049967
35101862
35101863
35130836
35033799
35049969
35074666
35049970
35101868
35074668
35049973
35033808
35033809
35101872
35101873
35074670
35049978
35074674
35130843
35130845
35101879
35130846
35009590
35101881
35049993
35009596
35049995
35074680
35049997
35130854
35074682
35033825
35074683
35074684
35101894
35033827
35050000
35074691
35050004
35009601
35009603
35074693
35009605
35074694
35009609
35130859
35033835
35130861
35101903
35130862
35009612
35074697
35050014
35101907
35101909
35009615
35009617
35130867
35050018
35130872
35074702
35050021
35050022
35050023
35033844
35050024
35050026
35130876
35050027
35130881
35101919
35101920
36554563
36633317
36531727
36633321
36870384
36820543
36870385
36801758
36801759
36801760
36820577
36820578
36820579
36844229
36801789
36870415
36870416
36740737
36870417
36820583
36820585
36771524
36844238
36820586
36844239
36801807
36740746
36801811
36771535
36740748
36870432
36801812
36801813
36801814
36771538
36740751
36740752
36801815
36771539
36740753
36820599
36740757
36844252
36844253
36844254
36844255
36820600
36801819
36820601
36870437
36801820
36870439
36740758
36740759
36820602
36820603
36844257
36870444
36820604
36771543
36820606
36740762
36801822
36740764
36820607
36870445
36870446
36820608
36870448
36844261
36771546
36740766
36771548
36870450
36870451
36870452
36844262
36870453
36820611
36820612
36801825
36870454
36771550
36740768
36740770
36801828
36844264
36771552
36870457
36801830
36820614
36740772
36801831
36771555
36740774
36801832
36844265
36870458
36870459
36870460
36844266
36740775
36801834
36740777
36801835
36801836
36801837
36771556
36870461
36870462
36820615
36820616
36820617
36801838
36801840
36870463
36820618
36801841
36844268
36740779
36870464
36771557
36801843
36870467
36771558
36870468
36801845
36801846
36844269
36844270
36771560
36771561
36740781
36740782
36820621
36844272
36801847
36820622
36801848
36801849
36771563
36801850
36844274
36801851
36870470
36801852
36870471
36844276
36771564
36844277
36740784
36844278
36844279
36740785
36870474
36844281
36771566
36844284
36740790
36801856
36820624
36740791
36740792
36801858
36870477
36820626
36740794
36820627
36740796
36740797
36801861
36820628
36870482
36801862
36844286
36771567
36870483
36870484
36844287
36820632
36801863
36740800
36801865
36740801
36801866
36740802
36844290
36870486
36801867
36771570
36740803
36801868
36820634
36870487
36820635
36801872
36801873
36771573
36740805
36771574
36740806
36870489
36820636
36771576
36771577
36820637
36801874
36844292
36771579
36801875
36801876
36771580
36870492
36740808
36820638
36870493
36771581
36870494
36801877
36771582
36801878
36844294
36870495
36870496
36801879
36801880
36740810
36870498
36740811
36801881
36771584
36870499
36870500
36870501
36771586
36740813
36844297
36801883
36870502
36870503
36844299
36870504
36870505
36801885
36801886
36801887
36870506
36801888
36820639
37598557